00000
00010
00100
00110
00200
00210
01000
01010
01100
01110
01200
01210
02000
02010
02100
02110
02200
02210
03000
03010
03100
03110
03200
03210
10000
10010
10100
10110
10200
10210
11000
11010
11100
11110
11200
11210
12000
12010
12100
12110
12200
12210
13000
13010
13100
13110
13200
13210
20000
20010
20100
20110
20200
20210
21000
21010
21100
21110
21200
21210
22000
22010
22100
22110
22200
22210
23000
23010
23100
23110
23200
23210
30000
30010
30100
30110
30200
30210
31000
31010
31100
31110
31200
31210
32000
32010
32100
32110
32200
32210
33000
33010
33100
33110
33200
33210
40000
40010
40100
40110
40200
40210
41000
41010
41100
41110
41200
41210
42000
42010
42100
42110
42200
42210
43000
43010
43100
43110
43200
43210
