01234
01243
01324
01423
01342
01432
02134
02143
03124
04123
03142
04132
02314
02413
03214
04213
03412
04312
02341
02431
03241
04231
03421
04321
10234
10243
10324
10423
10342
10432
20134
20143
30124
40123
30142
40132
20314
20413
30214
40213
30412
40312
20341
20431
30241
40231
30421
40321
12034
12043
13024
14023
13042
14032
21034
21043
31024
41023
31042
41032
23014
24013
32014
42013
34012
43012
23041
24031
32041
42031
34021
43021
12304
12403
13204
14203
13402
14302
21304
21403
31204
41203
31402
41302
23104
24103
32104
42103
34102
43102
23401
24301
32401
42301
34201
43201
12340
12430
13240
14230
13420
14320
21340
21430
31240
41230
31420
41320
23140
24130
32140
42130
34120
43120
23410
24310
32410
42310
34210
43210
